1000.0
1000.0
1000.0
1000.0
1000.0
1000.0
1000.0
1000.0
1000.0
1000.0
1000.0
1000.0
1000.0
1000.0
1000.0
1000.0
1000.0
1000.0
1000.0
1000.0
1000.0
1000.0
1000.0
1000.0
1000.0
1000.0
1000.0
1000.0
1000.0
1000.0
1000.0
1000.0
1000.0
1000.0
1000.0
1000.0
1000.0
1000.0
1000.0
1000.0
1000.0
1000.0
1000.0
1000.0
1000.0
1000.0
1000.0
1000.0
1000.0
1000.0
1000.0
1000.0
1000.0
1000.0
1000.0
1000.0
1000.0
1000.0
1000.0
1000.0
1000.0
1000.0
1000.0
1000.0
1000.0
1000.0
1000.0
1000.0
1000.0
1000.0
1000.0
1000.0
1000.0
1000.0
1000.0
1000.0
1000.0
1000.0
1000.0
1000.0
1000.0
1000.0
1000.0
1000.0
1000.0
1000.0
1000.0
1000.0
1000.0
1000.0
1000.0
1000.0
1000.0
1000.0
1000.0
1000.0
1000.0
1000.0
1000.0
1000.0
1000.0
1000.0
1000.0
1000.0
1000.0
1000.0
1000.0
1000.0
1000.0
1000.0
1000.0
1000.0
1000.0
1000.0
1000.0
1000.0
1000.0
1000.0
1000.0
1000.0
1000.0
1000.0
1000.0
1000.0
1000.0
1000.0
1000.0
1000.0
1000.0
1000.0
1000.0
997.8022125000001
999.821125
1022.78475
1026.2547375
1024.151125
997.22675
1020.137375
1019.231125
1024.493375
1020.1141250000001
1016.3711250000001
1068.8872000000001
1083.885
1087.601125
1117.208125
1135.180538
1138.251125
1128.1948750000001
1154.291125
1157.021125
1080.284125
1103.284625
1101.771125
1104.78575
1104.0585
1105.381125
1116.5071130000001
1139.3892500000002
1139.381125
1160.8182630000001
1156.960411
1155.051125
1227.969554
1227.404313
1234.191125
1279.047375
1279.0273750000001
1279.0273750000001
1279.0273750000001
1279.0273750000001
1279.0273750000001
1276.717375
1265.117375
1265.117375
1265.117375
1269.567375
1255.2673750000001
1247.817375
1245.167375
1241.2673750000001
1241.2673750000001
1241.2673750000001
1242.817375
1243.217375
1237.417375
1267.967375
1267.957375
1267.957375
1283.3950125000001
1364.7895005
1434.3350554999997
1428.7050125
1354.4940124999998
1257.6247268
1243.6350125
1272.491325
1352.9342625
1356.7450125
1356.2805125
1353.6095624999998
1350.4450124999998
1402.6345834999997
1414.8741375
1395.6950124999998
1457.3053755
1448.7843265000001
1449.2350124999998
1506.1592624999998
1496.8548504999999
1499.7350124999998
1523.4498875
1542.3220505
1534.7950124999998
1495.7287255
1500.9650695
1486.0650124999997
1502.6324255
1521.3398874999998
1492.6750124999999
1533.6351005000001
1557.3913374999997
1552.3350125000002
1577.0162375
1573.6931255
1556.5450124999998
1595.1197005
1624.8148875000002
1603.7250125
1646.9994415
1650.6840505
1648.7050125
1732.8778254999997
1767.7813004999998
1763.2550124999998
1823.9971375
1849.0400835
1834.4550125
1851.5734415000002
1956.3242375
1966.8050125
2078.5912625
2078.7612625
2086.8612625
2086.8612625
2086.8612625
2088.9112625
2088.9012624999996
2088.9012624999996
2088.9012624999996
2088.9012624999996
2088.8912624999994
2088.8912624999994
2095.7412624999997
2095.7312624999995
2095.7312624999995
2100.1212625
2108.2212624999993
2108.211262499999
2108.211262499999
2108.211262499999
2108.211262499999
2108.211262499999
2108.211262499999
2108.211262499999
2108.211262499999
2108.211262499999
2108.211262499999
2108.211262499999
2108.211262499999
2108.211262499999
2101.651262499999
2101.651262499999
2101.651262499999
2101.501262499999
2097.1012624999994
2110.6012624999994
2110.591262499999
2111.4312624999993
2111.4312624999993
2111.4312624999993
2104.1812624999993
2098.2312624999995
2098.5312624999992
2106.831262499999
2106.8212624999987
2106.8212624999987
2106.8212624999987
2106.8212624999987
2111.1112624999987
2111.1012624999985
2111.1012624999985
2109.8412624999983
2109.8412624999983
2109.8412624999983
2096.8412624999983
2091.3412624999983
2087.8912624999984
2092.491262499999
2092.4812624999986
2092.4712624999984
2092.4712624999984
2088.7212624999984
2087.8712624999985
2095.6212624999985
2095.7212624999984
2095.711262499998
2095.711262499998
2095.711262499998
2075.436962499998
2484.599212499998
2429.242662499998
2429.686962499998
2846.672325499998
2972.086819499998
2989.9869624999983
2916.2979914999983
2725.474879499998
2728.7769624999983
2812.101962499998
2946.113545499998
2949.2769624999983
2910.432379499998
3030.908629499998
3027.376962499998
2858.1109454999983
2958.594679499998
2954.476962499998
3382.591979499998
3417.039495499998
3374.676962499998
3621.8512954999983
3521.803279499998
3504.7569624999983
3796.983629499998
4017.279876499998
4032.996962499998
4447.468962499998
4381.505291499998
4344.446962499998
4493.202679499998
4294.9170294999985
4269.186962499998
4322.434995499998
4208.198962499998
4150.756962499998
4339.426962499998
4504.793679499998
4496.2469624999985
4524.990279499998
4518.785295499998
4503.526962499998
4772.462412499998
4759.4648124999985
4746.9969624999985
5076.216979499998
4744.864442499998
4750.046962499998
4508.575279499998
4653.197102499998
4549.4969624999985
4819.135462499998
4475.227145499998
4476.736962499998
4494.431962499998
4412.5669794999985
4363.066962499998
4125.748229499998
3484.106962499998
3380.906962499998
3928.103002499998
3910.537745499998
3843.0069624999983
4107.890295499998
4142.038629499998
4058.956962499998
3801.9795124999982
3940.863862499998
3942.096962499998
4107.0319624999975
4074.784345499998
4045.476962499998
4366.466012499998
4358.051629499998
4328.7469624999985
4525.199929499998
4551.360712499998
4558.546962499998
4389.651962499998
4503.328962499998
4483.056962499998
4540.668629499998
4766.757845499998
4770.136962499998
4946.756962499998
4983.962729499998
4986.646962499998
5728.283529499998
5903.915695499998
5990.466962499998
5875.682829499998
5768.189902499998
5759.136962499998
5892.110462499998
6143.9368024999985
6150.916962499998
6147.661512499998
6040.5568294999985
6065.066962499998
5834.099495499998
6057.615379499998
6054.296962499998
5941.173912499998
6319.910982499998
6300.966962499998
6553.122129499998
6829.783645499998
6916.456962499998
7362.197022499998
7602.020279499998
7530.466962499998
7153.548629499998
7256.604195499998
7293.116962499998
7322.514022499998
6883.874812499998
6733.696962499998
5880.7785454999985
6714.704495499998
6658.106962499998
7465.906882499998
7979.507662499998
8033.2469624999985
7981.617345499998
8172.1310294999985
8214.196962499998
8224.276962499998
8432.511962499997
8401.196962499997
8415.455295499996
8871.884229499998
8933.276962499996
9882.772012499998
9882.752012499997
9882.752012499997
9882.752012499997
9882.752012499997
9882.752012499997
9882.752012499997
9882.752012499997
9882.752012499997
9882.752012499997
9882.752012499997
9852.232012499999
9852.232012499999
9852.232012499999
9827.732012499999
9783.982012499999
9796.232012499999
9854.682012499998
9854.612012499998
9854.612012499998
9854.612012499998
9854.612012499998
9854.612012499998
9854.612012499998
9854.612012499998
9854.612012499998
9854.612012499998
9854.612012499998
9854.612012499998
9854.612012499998
9854.612012499998
9854.612012499998
9854.612012499998
9854.612012499998
9854.612012499998
9854.612012499998
9854.612012499998
9854.612012499998
9854.612012499998
9854.612012499998
9854.612012499998
9854.612012499998
9854.612012499998
9854.612012499998
9915.792012499998
9915.722012499999
9915.722012499999
9915.722012499999
9915.722012499999
9915.722012499999
9915.722012499999
9915.722012499999
9891.502012499997
9910.752012499997
9910.752012499997
9910.752012499997
9894.302012499997
9899.902012499999
10042.002012499997
10041.932012499998
10041.932012499998
10041.862012499998
10041.862012499998
9976.762012499996
9984.112012499998
9985.162012499997
9985.092012499998
9913.6220125
9913.6220125
9913.6220125
9930.772012499998
9915.3720125
9868.1220125
9803.722012499999
9806.8353455
9881.6319115
9905.2103455
9637.9753455
10170.7728455
10907.6286785
11044.635345499999
11700.157015499999
12414.987015499999
12658.8253455
12683.9603455
12963.3870155
12963.3670155
12943.9270155
12940.327015500001
12940.327015500001
12940.327015500001
12990.2770155
12920.5270155
12849.4270155
12758.5270155
12889.477015499999
12889.387015499999
12889.387015499999
12889.387015499999
12988.297015499998
12988.207015499998
12988.207015499998
12984.517015499998
12984.517015499998
12984.517015499998
12971.467015499999
13003.867015499998
13011.067015499997
13010.977015499997
12933.037015499996
12933.037015499996
12933.037015499996
12953.737015499997
12941.137015499997
13034.287015499996
13034.197015499996
13034.197015499996
13034.197015499996
13034.197015499996
13034.197015499996
13034.197015499996
13034.197015499996
12956.707015499995
12956.707015499995
12956.707015499995
12956.707015499995
12956.707015499995
13043.107015499996
13077.757015499994
13077.667015499994
12855.013682499994
12885.817015499993
13268.793682499992
12950.410348499994
13035.547015499993
13177.403682499993
14098.982015499994
14192.597015499992
14287.608066499994
14591.845348499992
14641.797015499993
14169.073941499992
14475.954441499993
14486.937015499992
15163.695348499994
15118.142015499994
15241.537015499995
15194.99868249999
15834.879015499992
15908.647015499995
15505.135348499993
15260.257015499992
15178.487015499992
15584.218682499992
15476.307015499991
15431.887015499993
15402.163015499991
15863.405348499993
15954.887015499993
16004.843682499995
15831.673292499992
15832.977015499993
15418.945348499994
15541.378682499992
15529.667015499994
14688.085015499993
14703.643682499993
14682.817015499993
14871.335348499993
14730.755015499994
14675.317015499993
14303.375348499994
14432.512015499993
14431.537015499991
14699.863682499992
14578.213202499992
14608.08701549999
13750.997015499994
13824.850348499993
13830.037015499991
13596.165348499992
13615.088682499994
13597.817015499993
13681.133682499993
13627.452015499992
13647.377015499991
13752.80368249999
13862.80368249999
13854.797015499993
13721.330348499992
13823.179157499992
13859.087015499994
13904.528682499993
13848.370348499993
13843.717015499995
13005.065348499993
13109.255348499992
13112.847015499992
12549.237015499992
12880.550348499994
12870.947015499993
12742.923682499993
12697.908682499994
12664.487015499992
12934.097015499992
12904.015348499994
12917.927015499994
12501.670348499993
12310.702848499994
12339.557015499995
12378.744515499995
12352.292015499992
12208.357015499994
12206.593169499993
12002.999515499992
12632.094515499992
12935.042849499992
13117.672849499992
13438.414515499991
13372.112849499992
13392.287849499993
13296.554515499993
13374.097849499993
13692.652849499993
13633.614515499992
13207.117849499993
12940.261181499993
12991.894515499993
12674.249515499992
12667.534515499992
12683.214515499993
13214.316181499993
13925.356181499992
14828.774515499992
14978.337849499992
15041.624515499992
14855.514515499992
15088.112849499992
15565.302849499993
15615.734515499993
16687.864515499994
16560.182849499994
16065.154515499993
16550.037849499993
16598.217849499993
16627.354515499992
16019.136181499993
15327.272849499992
15400.934515499992
14974.532849499992
14681.072849499993
14208.094515499992
14161.692849499992
14172.561181499992
13621.994515499991
12979.079515499992
12978.523849499992
12463.454515499992
12807.797849499992
12879.674515499992
12689.794515499992
12910.888361499992
12870.792977499992
12811.034515499992
13058.976181499993
12993.661181499992
13158.694515499992
12988.026823499993
13335.992849499993
12894.674515499992
13272.825943499993
13624.392977499992
13662.074515499993
13624.066823499992
14185.614515499992
14341.914515499991
14050.859515499993
14149.426823499993
14223.094515499992
14681.405285499992
14707.432977499991
14715.694515499992
14411.672977499993
13052.077849499992
13187.914515499991
12917.749515499992
12758.386181499993
12667.494515499991
12778.176181499992
12731.809515499992
12837.614515499992
13183.659515499992
13222.844515499992
13230.314515499993
12986.736181499993
12778.797849499992
12870.314515499993
13022.659849499993
13525.516181499992
13697.774515499992
13606.424515499992
13464.142849499993
13352.434515499992
13122.797849499992
13256.487849499992
13557.694515499992
13286.482849499993
13371.804515499993
13407.574515499993
13310.817849499992
13126.339515499993
13152.994515499991
13322.632849499993
13348.507849499993
13332.774515499992
13422.669899499992
13428.957849499991
13439.234515499993
12682.806181499993
12706.596181499992
12679.534515499992
12784.332849499991
13090.677849499993
13383.874515499992
13378.086823499993
13321.616053499993
13204.754515499992
13163.186181499992
13248.737849499992
13195.094515499992
13148.386515499993
13202.154515499993
13165.074515499993
13133.041181499992
13117.369515499991
13099.954515499992
12950.871181499992
12804.440229499993
12788.754515499992
12870.096181499992
12960.882849499993
12966.374515499992
12969.281181499991
13059.464515499993
13061.054515499993
13263.114515499992
13158.037849499993
13075.474515499993
12983.601181499993
12942.071181499992
13002.594515499992
12929.661181499992
12537.844515499992
11699.074515499993
11377.919515499992
11302.021181499993
11330.414515499991
10793.419515499992
9529.474515499993
9169.494515499991
9283.129515499992
8804.209515499992
8891.494515499991
7832.557849499993
8026.607849499992
7772.234515499992
8392.442207499993
8713.101181499993
8743.074515499993
8419.089515499993
8520.627849499991
8466.734515499993
8108.521181499992
7902.232849499992
7675.494515499992
6996.821181499992
7056.214515499993
7092.854515499992
7233.454515499992
7037.914515499992
7000.094515499993
6999.059515499992
6742.282849499992
6670.374515499992
6728.011181499992
6970.344515499993
7298.614515499992
7801.619515499992
8151.236181499992
8455.914515499991
8007.481181499992
8240.491181499992
8175.874515499992
7813.2945154999925
7836.292849499992
7881.954515499992
7673.344515499993
8010.106181499992
7726.2545154999925
7768.6261814999925
7690.077849499992
7897.2945154999925
7917.1295154999925
7830.787849499992
7898.774515499992
8026.447849499992
8257.721181499992
8250.034515499992
8253.811181499992
7810.706181499992
7478.034515499992
7478.226181499992
7385.217849499993
7249.454515499992
7499.104515499992
7428.076181499992
7428.394515499992
7450.324515499992
7566.581181499992
7593.494515499992
7282.389515499992
7265.574515499992
7360.234515499992
7318.334515499992
7358.034515499992
7341.114515499992
7338.134515499993
7294.534515499992
7082.694515499992
7028.734515499992
7125.534515499992
7075.154515499992
7136.194515499992
7197.974515499992
7097.574515499992
7090.234515499992
7120.214515499993
6996.934515499992
6975.054515499993
7507.694515499992
7514.2945154999925
7558.114515499992
7444.474515499992
7450.374515499992
7414.534515499992
7386.154515499992
7401.934515499992
7424.634515499993
7527.014515499992
8007.134515499993
8038.594515499993
8159.894515499992
8075.2945154999925
8152.494515499992
8464.734515499993
7719.314515499992
7882.194515499992
7848.434515499992
7851.994515499992
7885.694515499992
7854.774515499992
7848.414515499992
7814.694515499992
7647.494515499992
7930.034515499992
7939.234515499992
7959.174515499993
7937.454515499992
8086.654515499992
8041.874515499992
7947.714515499993
7970.554515499993
7941.074515499992
7955.954515499992
8058.534515499992
8217.434515499992
8175.374515499992
8183.074515499992
8243.754515499993
8298.334515499993
8170.214515499993
8183.654515499992
8209.374515499992
8173.7545154999925
8057.314515499992
8081.014515499992
8282.554515499993
8260.274515499992
8416.634515499993
8414.414515499991
8413.854515499992
8490.594515499992
9951.294515499992
10105.154515499993
10008.014515499992
10243.074515499993
10292.574515499993
10564.314515499993
10722.954515499992
10722.914515499991
10722.914515499991
10686.834515499992
10686.834515499992
10686.834515499992
10617.634515499993
10543.234515499991
10539.234515499991
10538.034515499992
10538.034515499992
10538.034515499992
10538.034515499992
10538.034515499992
10488.434515499992
10505.634515499993
10578.834515499992
10578.754515499992
10578.754515499992
10578.754515499992
10578.754515499992
10578.754515499992
10578.754515499992
10578.754515499992
10639.474515499991
10639.474515499991
10639.474515499991
10639.474515499991
10660.674515499992
10660.594515499992
10660.594515499992
10660.594515499992
10660.594515499992
10660.594515499992
10660.594515499992
10660.594515499992
10660.594515499992
10660.594515499992
10573.314515499991
10573.314515499991
10573.314515499991
10541.71451549999
10496.114515499992
10517.314515499991
10596.114515499992
10596.034515499992
10596.034515499992
10596.034515499992
10596.034515499992
10596.034515499992
10596.034515499992
10596.034515499992
10596.034515499992
10596.034515499992
10596.034515499992
10596.034515499992
10596.034515499992
10596.034515499992
10596.034515499992
10596.034515499992
10596.034515499992
10596.034515499992
10596.034515499992
10565.864515499994
10622.214515499993
10622.144515499993
10622.144515499993
10622.144515499993
10622.144515499993
10622.144515499993
10622.144515499993
10622.144515499993
10622.144515499993
10622.144515499993
10622.144515499993
10622.144515499993
10622.144515499993
10622.144515499993
10622.144515499993
10622.144515499993
10622.144515499993
10622.144515499993
10622.144515499993
10622.144515499993
10628.724515499995
10785.874515499994
10785.804515499995
10785.804515499995
10785.734515499995
10785.734515499995
10865.884515499993
10865.814515499993
10982.994515499993
10982.924515499994
10982.924515499994
10982.854515499994
10982.854515499994
11016.454515499996
11016.384515499996
11016.384515499996
11066.014515499997
11065.944515499998
11065.944515499998
11065.944515499998
11065.944515499998
11065.944515499998
11065.944515499998
10989.924515499997
11020.0245155
11020.0245155
11020.0245155
11010.574515499999
11058.5245155
11058.4545155
11058.4545155
11303.0345155
11302.9645155
11302.9645155
11302.9645155
11302.9645155
11302.9645155
11302.9645155
11302.9645155
11302.8945155
11302.8945155
11351.8945155
11351.8245155
11351.8245155
11351.8245155
11351.8245155
11351.8245155
11351.8245155
11351.8245155
11407.404515500002
11398.304515500002
11398.234515500002
11410.414515500002
11410.414515500002
11410.414515500002
11410.414515500002
11614.464515500002
11614.394515500002
11614.394515500002
11614.394515500002
11614.324515500002
11614.324515500002
11597.1745155
11680.4745155
11680.4045155
11680.4045155
11642.534515500001
11642.534515500001
11642.534515500001
11541.034515500001
11464.384515500002
11411.184515500003
11583.034515500001
11582.964515500002
11582.964515500002
11582.964515500002
11582.964515500002
11617.194515500001
11626.994515500002
11626.924515500003
11635.254515500004
11635.254515500004
11635.254515500004
11776.654515500002
11776.584515500002
10646.794515500003
10525.414515500002
10148.824515500004
10287.084515500002
10318.184515500003
10149.924515500003
10400.924515500003
10416.104515500003
10475.214515500003
10329.354515500003
10248.664515500002
10240.874515500003
9962.924515500003
10305.204515500003
10283.184515500003
10681.104515500003
10664.424515500003
10347.254515500003
10385.534515500003
10372.734515500004
10439.714515500003
10245.634515500004
10093.534515500003
10167.794515500003
10045.164515500002
10051.054515500004
10322.074515500002
10313.534515500003
10126.864515500005
9569.654515500004
9531.974515500004
10766.884515500004
11359.894515500002
11651.634515500004
11313.194515500003
11533.134515500004
11264.394515500004
11247.754515500003
11352.764515500003
11400.954515500003
11305.934515500003
11517.824515500002
11407.054515500004
11438.404515500002
11279.204515500001
10841.004515500004
10884.374515500003
11106.634515500005
10780.674515500003
10875.234515500004
10836.124515500003
10706.024515500003
10531.394515500004
10556.404515500004
10577.634515500004
10249.694515500003
10194.504515500003
10155.514515500003
9690.774515500003
9360.054515500004
9397.734515500002
8981.104515500003
9203.954515500003
9237.334515500002
9597.534515500003
9504.704515500003
9831.174515500003
9631.424515500003
9476.394515500002
9383.294515500003
9370.474515500004
9266.554515500004
9453.364515500003
9604.584515500002
9562.224515500002
9581.834515500002
9400.114515500003
9285.304515500002
9266.844515500003
9253.694515500003
9316.394515500002
9132.264515500003
9186.964515500003
8955.354515500003
8687.934515500001
9360.104515500003
9226.674515500003
9265.984515500002
9219.014515500003
9590.224515500002
9397.894515500002
9326.5045155
9268.534515500003
9270.214515500002
9319.744515500002
9376.884515500002
9461.174515500003
9295.414515500002
9244.124515500003
9251.494515500002
9020.144515500002
9402.164515500002
9423.704515500001
9427.384515500002
9835.054515500002
10241.284515500003
10097.2545155
9875.374515500003
10242.114515500001
10078.944515500003
10227.724515500002
10154.194515500003
10895.274515500001
10866.7345155
10774.874515500003
10953.184515500001
10963.694515500003
10756.204515500001
10679.314515500002
10780.694515500001
10723.374515500002
10452.534515500003
10492.5945155
10391.784515500003
10652.8445155
10960.204515500001
11450.114515500001
11349.024515500001
11571.574515500002
11402.974515500002
11447.294515500002
11383.764515500001
11214.934515500001
11209.8845155
11672.6445155
11813.3945155
11865.274515500001
11964.854515500003
12220.1445155
11912.524515500001
12333.114515500001
12423.3745155
12311.494515500002
12437.5945155
11973.2345155
12006.7345155
11772.994515500002
12249.7145155
11673.7845155
11675.924515500003
11765.6445155
11738.6945155
12058.454515500001
11732.814515500002
11378.2145155
10871.6745155
10890.864515500001
10798.494515500002
10620.314515500002
10998.9645155
11014.8045155
10882.6745155
10887.2245155
11195.7145155
11284.2145155
11026.9545155
10167.704515500001
10060.2645155
10013.7845155
10064.9745155
6958.5345155
7737.3545155
7294.584515500001
7476.7645155
7154.674515500001
7485.9345155
7538.5545155
8323.524515500001
8354.7645155
8318.1745155
7950.9445155
8630.4845155
8896.8145155
8826.7845155
8892.0745155
8497.4145155
8389.274515500001
8013.7345155
8533.614515500001
8556.6045155
8821.434515500001
8977.6645155
8910.2245155
9040.244515499999
8945.994515499999
9511.7545155
9374.1045155
9566.4245155
9495.0745155
9074.6245155
9092.9845155
9116.7545155
9059.0445155
9073.334515499999
8825.184515500001
9276.6945155
9199.3145155
9423.7845155
9288.1145155
8994.164515499999
9034.9445155
9313.404515499999
9660.0145155
9689.484515499998
9731.924515499999
9880.7245155
9972.1045155
9958.5645155
10970.2645155
10821.3945155
11017.2745155
11166.4345155
11119.4145155
11101.384515499998
11238.354515499997
11390.734515499998
12222.414515499997
12222.394515499996
12222.394515499996
12222.394515499996
12222.394515499996
12222.394515499996
12222.394515499996
12222.394515499996
12222.394515499996
12222.394515499996
12222.394515499996
12222.394515499996
12222.394515499996
12222.394515499996
12282.874515499996
12282.874515499996
12282.874515499996
12282.874515499996
12189.774515499996
12010.224515499995
12169.474515499995
12169.404515499995
12169.404515499995
12169.404515499995
12169.404515499995
12169.404515499995
12169.404515499995
12132.234515499997
12016.034515499996
12016.034515499996
12016.034515499996
12064.334515499995
12226.384515499996
12226.314515499997
12226.314515499997
12226.314515499997
12226.314515499997
12226.314515499997
12226.314515499997
12292.044515499996
12291.974515499996
12291.974515499996
12398.654515499997
12398.584515499997
12398.584515499997
12398.584515499997
12398.584515499997
12398.584515499997
12398.584515499997
12335.864515499996
12335.864515499996
12335.864515499996
12503.864515499996
12503.794515499996
12503.794515499996
12503.794515499996
12503.794515499996
12503.724515499996
12503.724515499996
12608.724515499996
12608.654515499997
12608.654515499997
12608.654515499997
12608.654515499997
12608.594515499997
12608.594515499997
12634.994515499999
12634.9345155
12653.764515499997
12675.464515499998
12675.394515499998
12675.394515499998
12675.394515499998
12675.394515499998
12675.394515499998
12675.394515499998
12675.394515499998
12675.394515499998
12675.394515499998
12675.394515499998
12675.394515499998
12675.394515499998
12675.394515499998
12675.394515499998
12675.394515499998
12675.394515499998
12675.394515499998
12675.394515499998
12675.394515499998
12675.394515499998
12675.394515499998
12675.394515499998
12675.334515499999
12675.334515499999
12755.434515499997
12755.374515499998
12708.814515499998
12782.914515499997
12782.854515499997
12782.854515499997
12782.854515499997
12782.854515499997
12782.854515499997
12782.854515499997
12459.6945155
12442.894515499996
12442.894515499996
12442.894515499996
12560.494515499999
12363.6945155
12494.494515499999
12439.894515499996
12439.834515499997
12439.834515499997
12439.834515499997
12439.834515499997
12439.834515499997
12439.834515499997
12439.834515499997
12354.874515499996
12354.874515499996
12354.874515499996
12367.774515499998
12262.774515499998
12480.274515499998
12480.214515499998
12480.214515499998
12480.154515499999
12480.154515499999
12547.954515499998
12547.894515499998
12547.894515499998
12547.894515499998
12635.434515499997
12635.434515499997
12635.434515499997
12386.434515499997
12366.334515499999
12170.7345155
12100.834515499999
12088.5345155
12088.5345155
12088.5345155
12116.134515499998
12234.0345155
12233.9745155
12233.9745155
12233.9745155
12233.9745155
12233.9745155
12233.9745155
12233.9745155
12233.9745155
12251.614515500001
12466.4145155
12466.354515500001
12466.354515500001
12466.354515500001
12466.354515500001
12578.794515500002
12469.894515500004
12548.794515500002
12548.734515500002
12548.734515500002
12548.734515500002
12548.734515500002
12703.174515500003
12703.114515500003
12719.254515500004
12719.254515500004
12719.254515500004
12688.054515500004
12731.554515500004
12731.494515500004
12733.534515500003
12802.834515500002
12802.774515500003
12802.774515500003
12802.774515500003
12802.774515500003
12802.774515500003
12802.774515500003
12802.774515500003
12802.774515500003
12802.774515500003
12802.774515500003
12871.114515500005
12764.614515500005
12848.014515500003
12847.954515500003
12847.954515500003
12847.954515500003
12847.954515500003
12847.954515500003
12847.954515500003
12735.394515500004
12845.494515500006
12845.434515500006
12845.434515500006
12845.434515500006
12601.774515500005
12675.964515500005
12656.364515500007
12656.294515500007
12656.224515500007
12656.224515500007
12538.974515500007
12876.374515500007
12876.304515500007
12876.304515500007
12876.304515500007
12876.304515500007
12876.304515500007
12876.304515500007
12876.304515500007
12876.304515500007
12891.844515500006
12877.744515500008
12877.744515500008
12877.744515500008
12812.64451550001
12929.64451550001
12929.58451550001
12929.58451550001
12929.58451550001
12929.58451550001
12929.58451550001
12929.58451550001
12929.58451550001
12929.58451550001
12929.52451550001
12929.52451550001
12929.52451550001
12929.52451550001
12929.52451550001
12925.32451550001
13005.124515500009
13005.06451550001
13005.06451550001
13005.06451550001
13005.06451550001
13005.06451550001
13005.06451550001
13005.06451550001
12933.904515500008
12590.70451550001
12590.70451550001
12590.70451550001
12496.804515500009
12460.804515500009
12566.404515500008
12566.344515500008
12549.784515500009
12549.784515500009
12549.784515500009
12514.084515500008
12523.98451550001
12655.384515500007
12655.324515500008
12655.324515500008
12655.264515500008
12655.264515500008
12680.164515500006
12680.104515500007
12680.104515500007
12744.244515500008
12744.184515500008
12744.184515500008
12744.184515500008
12744.184515500008
12744.184515500008
12758.224515500011
12460.924515500012
12563.224515500011
12563.224515500011
12563.224515500011
12757.02451550001
12756.96451550001
12756.96451550001
12756.96451550001
12614.404515500011
12614.404515500011
12614.404515500011
12620.104515500012
12481.804515500013
12400.504515500013
12355.204515500014
12433.504515500013
12433.444515500014
12433.444515500014
12433.444515500014
12433.444515500014
12433.444515500014
12383.284515500016
12162.484515500013
12162.484515500013
12162.484515500013
12110.284515500016
12048.484515500013
11973.784515500016
11977.984515500013
11882.884515500014
11882.874515500014
11882.874515500014
11818.474515500015
12027.424515500015
12027.354515500016
12027.354515500016
12027.354515500016
12027.284515500016
12027.284515500016
12159.234515500017
12159.164515500017
12159.164515500017
12159.164515500017
12224.194515500016
12224.124515500016
12224.124515500016
12224.124515500016
12224.124515500016
12254.154515500017
12301.754515500017
12301.684515500017
12301.614515500018
12301.614515500018
12120.664515500017
11966.664515500017
12016.364515500018
12261.364515500018
12261.294515500018
12261.294515500018
12261.294515500018
12261.294515500018
12261.294515500018
12261.294515500018
12261.294515500018
12261.294515500018
12261.224515500018
12261.224515500018
12202.774515500018
12308.474515500018
12308.404515500019
12459.884515500018
12459.814515500018
12459.814515500018
12459.814515500018
12459.814515500018
12459.814515500018
12459.814515500018
12459.814515500018
12459.814515500018
12459.754515500019
12459.754515500019
12409.054515500018
12473.854515500021
12473.794515500022
12406.874515500023
12441.874515500023
12441.874515500023
12441.874515500023
12441.874515500023
12652.574515500022
12652.504515500023
12652.504515500023
12652.504515500023
12652.504515500023
12652.504515500023
12652.504515500023
12652.504515500023
12652.504515500023
12599.044515500022
12696.84451550002
12696.784515500021
12696.784515500021
12696.784515500021
12696.784515500021
12696.784515500021
12696.784515500021
12696.784515500021
12696.784515500021
12696.784515500021
12696.784515500021
12696.784515500021
12696.784515500021
12696.784515500021
12696.784515500021
12696.784515500021
12696.784515500021
12696.784515500021
12696.784515500021
12696.784515500021
12696.784515500021
12841.024515500021
12840.964515500022
12840.964515500022
12840.964515500022
12869.404515500022
12869.344515500023
12869.344515500023
12823.684515500021
12823.684515500021
12823.684515500021
12730.98451550002
12727.98451550002
12701.884515500022
12209.584515500022
12175.98451550002
12175.98451550002
12175.98451550002
12187.684515500021
12187.684515500021
12286.98451550002
12286.92451550002
12297.664515500024
12297.664515500024
12297.664515500024
12259.564515500022
12110.464515500023
12156.664515500024
12266.764515500023
12266.704515500023
12266.704515500023
12266.704515500023
12266.704515500023
12266.704515500023
12266.704515500023
12266.704515500023
12256.444515500023
12256.384515500024
12256.384515500024
12256.384515500024
12385.024515500021
12384.964515500022
12384.964515500022
12384.964515500022
12384.964515500022
12384.964515500022
12384.964515500022
12433.80451550002
12308.404515500022
12292.204515500021
12293.10451550002
12293.10451550002
12293.10451550002
12296.704515500021
12297.60451550002
12275.10451550002
12471.30451550002
12471.24451550002
12471.24451550002
12471.24451550002
12471.24451550002
12471.24451550002
12471.24451550002
12471.24451550002
12244.084515500022
12244.084515500022
12244.084515500022
12099.78451550002
12006.78451550002
12128.28451550002
12128.22451550002
12128.22451550002
12128.22451550002
12128.22451550002
12128.22451550002
12128.22451550002
12128.22451550002
12119.76451550002
12101.76451550002
12101.76451550002
12101.76451550002
12239.46451550002
12239.40451550002
12239.40451550002
12226.744515500019
12298.14451550002
12298.08451550002
12298.08451550002
12298.08451550002
12298.08451550002
12298.08451550002
12298.08451550002
12364.924515500023
12364.864515500023
12364.864515500023
12364.864515500023
12364.864515500023
12267.904515500022
12281.404515500022
