1000.0
1000.0
1000.0
1000.0
1000.0
1000.0
1000.0
1000.0
1000.0
1000.0
1000.0
1000.0
1000.0
1000.0
1000.0
1000.0
1000.0
1000.0
1000.0
1000.0
1000.0
1000.0
1000.0
1000.0
1000.0
1000.0
1000.0
1000.0
1000.0
1000.0
1000.0
1000.0
1000.0
1000.0
1000.0
1000.0
1000.0
1000.0
1000.0
1000.0
1000.0
1000.0
1000.0
1000.0
1000.0
1000.0
1000.0
1000.0
1000.0
1000.0
1000.0
1000.0
1000.0
1000.0
1000.0
1000.0
1000.0
1000.0
1000.0
1000.0
1000.0
1000.0
1000.0
1000.0
1000.0
1000.0
1000.0
1000.0
1000.0
1000.0
1000.0
1000.0
1000.0
1000.0
1000.0
1000.0
1000.0
1000.0
1000.0
1000.0
1000.0
1000.0
1000.0
1000.0
1000.0
1000.0
1000.0
1000.0
1000.0
1000.0
1000.0
1000.0
1000.0
1000.0
1000.0
1000.0
1000.0
1000.0
1000.0
1000.0
1000.0
1000.0
1000.0
1000.0
1000.0
1000.0
1000.0
1000.0
1000.0
1000.0
1000.0
1000.0
1000.0
1000.0
1000.0
1000.0
1000.0
1000.0
1000.0
1000.0
1000.0
1000.0
1000.0
1000.0
1000.0
1000.0
1000.0
1000.0
1000.0
1000.0
1000.0
997.8022125000001
999.821125
1022.78475
1026.2547375
1024.151125
997.22675
1020.137375
1019.231125
1024.493375
1020.1141250000001
1016.3711250000001
1068.8872000000001
1083.885
1087.601125
1117.208125
1135.180538
1138.251125
1128.1948750000001
1154.291125
1157.021125
1080.284125
1103.284625
1101.771125
1104.78575
1104.0585
1105.381125
1116.5071130000001
1139.3892500000002
1139.381125
1160.8182630000001
1156.960411
1155.051125
1227.969554
1227.404313
1234.191125
1279.047375
1279.0273750000001
1279.0273750000001
1279.0273750000001
1279.0273750000001
1279.0273750000001
1276.717375
1265.117375
1265.117375
1265.117375
1269.567375
1255.2673750000001
1247.817375
1245.167375
1241.2673750000001
1241.2673750000001
1241.2673750000001
1242.817375
1243.217375
1237.417375
1267.967375
1267.957375
1267.957375
1283.3950125000001
1364.7895005
1434.3350554999997
1428.7050125
1354.4940124999998
1257.6247268
1243.6350125
1272.491325
1352.9342625
1356.7450125
1356.2805125
1353.6095624999998
1350.4450124999998
1402.6345834999997
1414.8741375
1395.6950124999998
1457.3053755
1448.7843265000001
1449.2350124999998
1506.1592624999998
1496.8548504999999
1499.7350124999998
1523.4498875
1542.3220505
1534.7950124999998
1495.7287255
1500.9650695
1486.0650124999997
1502.6324255
1521.3398874999998
1492.6750124999999
1533.6351005000001
1557.3913374999997
1552.3350125000002
1577.0162375
1573.6931255
1556.5450124999998
1595.1197005
1624.8148875000002
1603.7250125
1646.9994415
1650.6840505
1648.7050125
1732.8778254999997
1767.7813004999998
1763.2550124999998
1823.9971375
1849.0400835
1834.4550125
1851.5734415000002
1956.3242375
1966.8050125
2078.5912625
2136.6955755
2144.7050125
2144.6850125
2144.6850125
2144.6850125
2144.6850125
2144.6850125
2144.6850125
2144.6850125
2144.6750125
2144.6750125
2151.5250125000002
2151.5150125
2151.5150125
2155.9050125000003
2164.0050125
2163.9950124999996
2163.9950124999996
2163.9950124999996
2163.9950124999996
2163.9950124999996
2163.9950124999996
2163.9950124999996
2163.9950124999996
2163.9950124999996
2163.9950124999996
2163.9950124999996
2163.9950124999996
2163.9950124999996
2157.4350124999996
2157.4350124999996
2157.4350124999996
2157.2850124999995
2152.8850125
2166.3850125
2166.3750124999997
2167.2150125
2167.2150125
2167.2150125
2159.9650125
2154.0150125
2154.3150124999997
2162.6150124999995
2162.6050124999992
2162.6050124999992
2162.6050124999992
2162.6050124999992
2166.895012499999
2166.885012499999
2166.885012499999
2165.625012499999
2165.625012499999
2165.625012499999
2152.625012499999
2147.125012499999
2143.675012499999
2148.2750124999993
2148.265012499999
2148.255012499999
2148.255012499999
2144.505012499999
2143.655012499999
2151.405012499999
2151.505012499999
2151.4950124999987
2151.4950124999987
2151.4950124999987
2131.2207124999986
2540.3829624999985
2485.0264124999985
2485.4707124999986
2902.4560754999984
3027.8705694999985
3045.770712499999
2972.0817414999988
2781.2586294999987
2784.5607124999988
2867.8857124999986
3001.8972954999986
3005.0607124999988
2966.2161294999987
3086.6923794999984
3083.1607124999987
2913.8946954999988
3014.3784294999987
3010.2607124999986
3438.3757294999987
3472.8232454999984
3430.4607124999984
3677.635045499999
3577.5870294999986
3560.540712499999
3852.7673794999987
4073.0636264999985
4088.7807124999986
4503.252712499999
4437.289041499998
4400.230712499999
4548.986429499999
4350.700779499999
4324.970712499999
4378.2187454999985
4263.982712499998
4206.540712499998
4395.210712499998
4560.577429499998
4552.030712499999
4580.7740294999985
4574.5690454999985
4559.310712499999
4828.246162499999
4815.248562499999
4802.780712499999
5132.000729499999
4800.648192499999
4805.830712499998
4564.3590294999985
4708.980852499999
4605.280712499999
4874.919212499998
4531.010895499999
4532.520712499999
4550.2157124999985
4468.350729499999
4418.850712499999
4181.531979499999
3539.8907124999987
3436.6907124999984
3983.8867524999987
3966.3214954999985
3898.790712499999
4163.674045499998
4197.8223794999985
4114.740712499998
3857.7632624999987
3996.6476124999986
3997.8807124999985
4162.815712499998
4130.568095499998
4101.260712499999
4422.249762499999
4413.835379499998
4384.530712499999
4580.983679499998
4607.144462499999
4614.330712499998
4445.435712499999
4559.112712499998
4538.8407124999985
4596.452379499999
4822.541595499999
4825.920712499998
5002.540712499998
5039.746479499999
5042.430712499999
5784.067279499998
5959.699445499999
6046.250712499998
5931.466579499998
5823.973652499999
5814.920712499998
5947.8942124999985
6199.720552499999
6206.700712499998
6203.4452624999985
6096.340579499999
6120.850712499999
5889.883245499998
6113.399129499999
6110.080712499998
5996.957662499998
6375.694732499998
6356.750712499998
6608.905879499998
6885.567395499998
6972.240712499998
7417.980772499998
7657.804029499998
7586.250712499998
7209.332379499999
7312.387945499999
7348.900712499999
7378.297772499998
6939.658562499999
6789.480712499999
5936.562295499999
6770.488245499999
6713.890712499999
7521.690632499998
8035.291412499999
8089.030712499999
8037.4010954999985
8227.914779499999
8269.980712499999
8280.060712499999
8488.295712499998
8456.980712499997
8471.239045499997
8927.667979499998
8989.060712499997
9938.555762499998
9938.535762499998
9938.535762499998
9938.535762499998
9938.535762499998
9938.535762499998
9938.535762499998
9938.535762499998
9938.535762499998
9938.535762499998
9938.535762499998
9908.0157625
9908.0157625
9908.0157625
9883.5157625
9839.7657625
9852.0157625
9910.465762499998
9910.395762499998
9910.395762499998
9910.395762499998
9910.395762499998
9910.395762499998
9910.395762499998
9910.395762499998
9910.395762499998
9910.395762499998
9910.395762499998
9910.395762499998
9910.395762499998
9910.395762499998
9910.395762499998
9910.395762499998
9910.395762499998
9910.395762499998
9910.395762499998
9910.395762499998
9910.395762499998
9910.395762499998
9910.395762499998
9910.395762499998
9910.395762499998
9910.395762499998
9910.395762499998
9971.575762499999
9971.505762499999
9971.505762499999
9971.505762499999
9971.505762499999
9971.505762499999
9971.505762499999
9971.505762499999
9947.285762499998
9966.535762499998
9966.535762499998
9966.535762499998
9950.085762499997
9955.6857625
10097.785762499998
10097.715762499998
10097.715762499998
10097.645762499998
10097.645762499998
10032.545762499996
10039.895762499998
10040.945762499998
10040.875762499998
9969.4057625
9969.4057625
9969.4057625
9986.555762499998
9971.1557625
9923.9057625
9859.505762499999
663.8490954999999
8548.309095499999
8548.309095499999
8597.5090955
8615.809095499999
8615.7490955
8615.7490955
8615.7490955
8615.7490955
8615.7490955
8615.7490955
8615.7490955
8615.7490955
8602.789095499998
8600.3890955
8600.3890955
8600.3890955
8633.6890955
8587.1890955
8539.789095499998
8479.1890955
8566.4890955
8566.4290955
8566.4290955
8566.4290955
8632.3690955
8632.3090955
8632.3090955
8629.8490955
8629.8490955
8629.8490955
8621.1490955
8642.749095500001
8647.5490955
8647.489095500001
8595.5290955
8595.5290955
8595.5290955
8609.329095500001
8600.929095500001
8663.0290955
8662.9690955
8662.9690955
8662.9690955
8662.9690955
8662.9690955
8662.9690955
8662.9690955
8611.309095499999
8611.309095499999
8611.309095499999
8611.309095499999
8611.309095499999
8668.909095500001
8692.0090955
8691.9490955
8469.2957625
8500.0990955
8883.0757625
8564.6924285
8649.8290955
8791.6857625
9713.2640955
9806.8790955
9901.9201465
10206.1574285
10239.159095500001
9766.4660215
10045.326521500001
10056.3390955
10733.097428500001
10687.5740955
10810.9690955
10801.780762499999
11428.0110955
11523.3790955
11122.7174285
10875.4390955
10793.6690955
11199.4007625
11116.3890955
11090.2690955
11069.2450955
11497.9374285
11606.3690955
11656.3257625
11483.1553725
11484.4590955
11078.8274285
11179.5107625
11167.829095500001
10326.2470955
10341.8057625
10320.9790955
10509.4974285
10368.9170955
10324.7590955
9958.0674285
10090.8040955
10089.8290955
10358.155762499999
10236.3552825
10252.129095499999
9407.1890955
9433.4924285
9442.729095499999
9208.8574285
9227.7807625
9210.509095500001
9317.8257625
9248.544095500001
9254.5190955
9392.1957625
9502.1957625
9494.1890955
9358.1724285
9470.2212375
9481.9790955
9535.970762500001
9479.8424285
9475.2190955
8636.5674285
8736.7074285
8740.329095500001
8176.7190955
8508.032428499999
8498.4290955
8370.4357625
8325.4207625
8303.0990955
8588.9090955
8564.6774285
8602.7390955
8177.4824284999995
7986.514928499999
8015.3690955
8055.9065955
8054.6540955
7927.819095499999
7935.2052495
7734.9115955
6799.0290955
6950.5032625
7041.818262499999
7202.1890955
7169.0382625
7179.1257625
7131.2590955
7170.0307625000005
7329.308262500001
7299.7890955
7086.540762500001
6953.1124285000005
6978.9290955
6820.1065954999995
6816.749095499999
6824.5890954999995
7090.139928500001
7445.659928499999
7897.3690955
7972.1507624999995
8003.7940954999995
7910.739095499999
8027.0382625
8265.6332625
8290.8490955
8826.9140955
8763.0732625
8515.5590955
8758.0007625
8782.0907625
8796.6590955
8492.5499285
8146.6182625
8183.4490955
7970.248262499999
7823.5182625
7587.0290955
7563.828262499999
7569.2624285
7293.979095499999
6972.5215955
6972.2437625
6714.7090955
6886.880762499999
6922.819095499999
6827.8790955
6938.4260185
6918.3783265
6888.499095499999
7012.469928500001
6979.812428499999
7062.329095499999
6976.9952495
7150.978262500001
6930.319095499999
7119.3948095
7295.1783264999995
7314.0190955
7295.0152495
7575.7890955
7653.9390955
7508.4115955
7557.6952495000005
7594.5290955
7823.6844805
7836.6983265
7840.829095499999
7688.818326500001
7009.0207625
7076.9390955
6941.8565954999995
6862.1749285000005
6816.729095499999
6872.069928499999
6848.8865955
6901.7890955
7074.811595499999
7094.4040955
7098.139095500001
6976.3499285
6872.380762499999
6918.139095500001
6994.3117624999995
7245.739928499999
7331.8690955
7286.194095499999
7215.0532625
7159.1990955
7044.380762499999
7111.2257625
7261.829095499999
7126.2232625
7168.8840955
7186.7690955
7138.390762499999
7046.1515954999995
7059.479095499999
7144.2982625
7157.2357625
7149.3690955
7194.3167875
7197.460762499999
7202.5990955
6824.3849285
6836.2799285
6822.749095499999
6875.148262499999
7028.3207625
7174.9190954999995
7172.0252495
7143.7898645000005
7085.3590955
7064.5749285
7107.3507625
7080.5290955
7057.175095500001
7084.059095500001
7065.5190955
7049.5024285
7041.666595499999
7032.9590955
6958.417428499999
6885.2019525
6877.3590955
6918.0299285
6963.4232625
6966.1690954999995
6967.622428499999
7012.7140954999995
7013.5090955
7114.5390955
7062.0007625
7020.719095500001
6974.782428500001
6954.017428499999
6984.2790955
6947.812428499999
6751.9040955
6332.5190955
6171.9415955
6133.9924285
6148.1890955
5879.6915955
5247.719095500001
5067.729095499999
5124.5465955
4885.086595499999
4928.729095499999
4399.2607625
4496.2857625
4369.0990955
4679.2029415
4839.532428500001
4854.5190955
4692.5265954999995
4743.2957625
4716.3490955
4537.2424285
4434.0982625
4320.7290955
3981.3924285
4011.0890955
4029.4090954999997
4099.7090955
4001.9390955
3983.0290955
3982.5115954999997
3854.1232625
3818.1690955
3846.9874284999996
3968.1540955
4132.2890955
4383.7915955
4558.5999285
4710.9390955
4486.722428499999
4603.2274285
4570.9190954999995
4389.6290955
4401.1282625
4423.9590955
4319.6540955
4488.034928499999
4346.1090955
4367.2949284999995
4328.0207625
4431.6290955
4441.5465955
4398.3757625
4432.3690955
4496.2057625
4611.8424285
4607.999095499999
4609.8874285
4388.3349285
4221.999095499999
4222.0949285
4175.5907625
4107.7090955
4232.534095499999
4197.0199285
4197.1790955
4208.1440955
4266.2724285
4279.7290955
4124.176595499999
4115.7690955
4163.0990955
4142.1490955
4161.999095499999
4153.5390955
4152.0490955000005
4130.249095499999
4024.3290954999998
3997.3490954999997
4045.7490955
4020.5590955
4051.0790954999998
4081.9690954999996
4031.7690955
4028.0990954999997
4043.0890955
3981.4490954999997
3970.5090955
4236.829095499999
4240.1290955
4262.0390955
4205.2190955
4208.1690954999995
4190.249095499999
4176.0590955
4183.9490955
4195.2990955000005
4246.489095499999
4486.5490955000005
4502.2790955
4562.9290955
4520.6290955
4559.2290955
4715.3490955
4342.6390955
4424.079095499999
4407.1990955
4408.9790955
4425.829095499999
4410.3690955
4407.1890955
4390.329095499999
4306.7290955
4447.999095499999
4452.5990955
4462.5690955
4451.7090955
4526.3090955
4503.9190954999995
4456.8390954999995
4468.2590955
4453.5190955
4460.9590955
4512.249095499999
4591.6990955
4570.6690954999995
4574.5190955
4604.8590955
4632.1490955
4568.0890954999995
4574.8090955
4587.6690954999995
4569.8590955
4511.6390955
4523.489095499999
4624.2590955
4613.1190955
4691.2990955000005
4690.1890955
4689.909095499999
4728.2790955
5458.6290955
5535.559095500001
5486.989095499999
5604.5190955
5629.2690955
5765.139095500001
5844.4590955
5751.559095500001
5885.9290955
5610.7690955
5648.5990955
5640.3690955
5728.2590955
5611.9290955
5772.399095499999
5796.1190955
5852.059095500001
5852.7890955
5885.0290955
5857.579095499999
5952.9390955
6093.909095499999
6009.9390955
5771.3590955
5868.579095499999
5855.9390955
5877.0390955
5836.399095499999
5845.5390955
5902.4190954999995
5965.909095499999
6232.889095500001
6346.829095499999
6293.409095499999
6260.219095500001
6331.469095500001
6512.469095500001
6722.659095499999
6923.7690955
7824.059095500001
7554.3790955
8398.8590955
8568.4390955
8782.649095499999
8461.7090955
7937.969095500001
7840.7990955000005
8769.4490955
8582.7790955
8528.2490955
8201.6790955
8456.0390955
8579.0090955
8647.1990955
9320.1690955
9345.809095499999
9295.629095499999
9238.729095499999
8848.209095499999
9129.559095499999
9130.549095499999
9314.7790955
8710.6690955
8251.5490955
8361.7890955
8378.979095499999
8574.0390955
8507.0890955
8216.3590955
8596.1290955
8493.3290955
8748.8090955
8813.629095499999
9269.3490955
9435.219095499999
9554.7390955
9903.229095499999
9651.9290955
9857.4490955
10107.0990955
10785.129095499999
11244.379095499999
11390.229095499999
11593.2490955
12342.149095499999
13508.299095499999
13508.279095499998
13508.279095499998
13508.279095499998
13508.279095499998
13516.739095499997
13718.789095499998
13718.699095499998
13718.699095499998
13718.609095499998
13718.609095499998
13821.659095499997
13821.569095499997
13972.229095499997
13972.139095499997
13972.139095499997
13972.049095499997
13972.049095499997
14015.249095499998
14015.159095499997
14015.159095499997
14078.969095499999
14078.879095499999
14078.879095499999
14078.879095499999
14078.879095499999
14078.879095499999
14078.879095499999
13981.139095499997
14019.839095499998
14019.839095499998
14019.839095499998
14007.689095499996
14069.339095499998
14069.249095499998
14069.249095499998
14418.649095499997
14418.549095499997
14418.549095499997
14418.549095499997
14418.549095499997
14418.549095499997
14418.549095499997
14418.549095499997
14418.459095499997
14418.459095499997
14481.459095499997
14481.369095499997
14481.369095499997
14481.369095499997
14481.369095499997
14481.369095499997
14481.369095499997
14481.369095499997
14552.829095499996
14541.129095499997
14541.039095499997
14556.699095499996
14556.699095499996
14556.699095499996
14556.699095499996
14819.049095499999
14818.959095499999
14818.959095499999
14818.959095499999
14818.869095499998
14818.869095499998
14796.8190955
14903.919095499998
14903.829095499997
14903.829095499997
14855.139095499999
14855.139095499999
14855.139095499999
14724.639095499999
14626.089095499998
14557.689095499998
14778.639095499999
14778.549095499999
14778.549095499999
14778.549095499999
14778.549095499999
14822.559095499997
14835.159095499997
14835.069095499997
14845.779095499996
14845.779095499996
14845.779095499996
15027.579095499996
15027.489095499996
13897.699095499996
13776.319095499995
13399.729095499995
13537.989095499996
13569.089095499996
13400.829095499996
13651.829095499996
13667.009095499996
13726.119095499997
13580.259095499996
13499.569095499995
13491.779095499995
13213.829095499996
13556.109095499996
13534.089095499996
13932.009095499996
13884.009095499996
13566.839095499996
13605.119095499997
13615.219095499995
13676.599095499996
13477.119095499995
13340.119095499997
13414.359095499996
13291.729095499997
13297.619095499998
13568.639095499997
13560.099095499998
13391.609095499998
12834.3790955
12796.6990955
14031.6090955
14624.619095499998
14916.3590955
14566.599095499998
14797.239095499997
14528.479095499999
14511.839095499998
14616.849095499998
14665.039095499998
14570.019095499998
14781.909095499997
14665.319095499997
14693.069095499997
14493.669095499998
14055.469095499999
14098.839095499998
14310.199095499998
13970.939095499996
14087.199095499998
14048.0690955
13917.969095499999
13743.3390955
13768.3490955
13789.5790955
13461.639095499999
13406.4490955
13367.459095499999
12902.719095499999
12571.9990955
12609.6790955
12193.049095499999
12415.899095499999
12449.279095499998
12809.479095499999
12716.649095499999
13043.119095499998
12843.369095499998
12688.3390955
12595.2390955
12582.4190955
12478.4990955
12632.6890955
12783.909095499997
12741.549095499999
12765.2590955
12590.039095499998
12478.929095499998
12460.4490955
12447.299095499999
12509.979095499997
12325.849095499998
12403.149095499999
12171.5190955
11904.099095500002
12576.2690955
12442.8390955
12482.1490955
12435.1790955
12806.3890955
12614.0590955
12542.669095500001
12484.6990955
12486.3790955
12535.909095500001
12593.0490955
12677.3390955
12511.579095500001
12460.2890955
12467.659095500001
12236.3090955
12618.329095500001
12639.869095500002
12643.5490955
13051.2190955
13457.4490955
13270.9990955
13054.8190955
13421.559095499999
13258.389095499999
13399.769095500002
13316.639095499999
14065.5190955
14036.9590955
13945.099095500002
14123.409095500001
14133.919095500001
13926.429095500001
13849.5390955
13962.099095500002
13916.779095500002
13645.919095500003
13685.979095500003
13585.169095500003
13846.229095500003
14153.589095500003
14643.499095500003
14551.989095500001
14774.519095500003
14605.919095500003
14650.239095500003
14586.709095500002
14385.0590955
14369.909095500001
14852.669095500001
14993.399095500003
15045.279095500004
15144.859095500004
15400.149095500003
15092.529095500004
15513.119095500002
15626.0590955
15514.159095500003
15640.259095500003
15175.899095500003
15209.399095500003
14975.659095500003
15452.379095500002
14876.449095500002
14878.589095500003
14968.309095500003
14941.359095500002
15261.119095500002
14935.479095500003
14580.879095500002
14108.519095500002
14127.689095500002
14035.319095500003
13857.139095500002
14235.789095500002
14283.3090955
14203.8790955
14208.409095500001
14516.8990955
14605.3990955
14348.1390955
13488.889095500002
13381.4490955
13334.9690955
13386.159095500001
10279.7190955
11837.339095500001
10951.799095500002
11316.159095500001
10671.979095500003
11334.499095500001
11439.739095500001
13009.679095500001
13072.159095500001
12998.979095500003
12264.519095500002
13623.599095500002
14156.259095500001
14016.199095500002
14146.779095500002
13357.459095500002
13141.179095500001
12390.099095500002
13429.859095500002
13475.839095500001
13925.019095500002
14237.499095500001
14102.619095500002
14362.659095500001
14174.159095500001
15305.679095500001
15030.379095500002
15349.339095500001
15206.659095500001
14365.759095500001
14402.479095500003
14450.019095500002
14334.599095500002
14363.179095500001
13866.879095500002
14843.819095500003
14689.059095500003
15137.999095500001
14879.359095500002
14299.759095500001
14324.319095500003
14881.259095500001
15574.479095500003
15633.439095500002
15718.319095500003
16017.819095500003
16200.599095500002
16149.939095500002
18174.5390955
17876.819095500003
18268.5990955
18566.9190955
18427.179095500003
18391.139095500002
18681.1990955
18960.859095500004
20624.2390955
20262.8790955
19674.0590955
18128.1990955
17853.779095500002
18248.339095500003
19231.139095500002
20199.8990955
19226.459095500002
19390.679095500003
19958.0790955
20058.019095500003
20190.7590955
19640.619095500002
18734.4190955
18953.799095500002
18975.9190955
18080.7390955
18418.5990955
18304.979095500003
19014.359095500004
19757.6990955
19471.2390955
20015.479095500003
19520.959095500002
21027.7390955
19670.4190955
19935.359095500004
20208.3990955
19866.779095500002
19960.139095500002
20126.979095500003
20184.459095500002
20169.5790955
20403.5390955
19192.119095500002
19539.2190955
19566.279095500002
19279.4190955
19472.679095500003
19671.279095500002
19528.8990955
19379.339095500003
19219.5790955
19334.139095500002
19188.839095500003
20003.0790955
19862.2590955
19172.4390955
19100.979095500003
18928.179095500003
18627.7390955
18874.2190955
18989.979095500003
18887.2190955
19092.0390955
18795.2390955
18764.119095500002
18881.8990955
18797.459095500002
19317.0990955
19131.7390955
19499.4190955
19095.359095500004
19194.0790955
19091.1990955
19211.0790955
19095.5390955
19128.319095500003
19006.299095500002
18881.279095500002
18927.659095500003
18968.6990955
19048.5990955
18947.019095500003
19404.5990955
19694.0790955
19845.499095500003
19721.839095500003
20034.279095500002
20496.9390955
22704.0790955
22489.159095500003
22824.619095500002
22849.139095500002
23307.0390955
24266.659095500003
22774.819095500003
23104.4190955
23007.779095500002
24119.839095500003
24165.159095500003
23830.479095500003
24154.479095500003
23987.3990955
24405.339095500003
23404.139095500002
23765.499095500003
24174.139095500002
24168.0390955
24367.2390955
24447.299095500002
25206.7190955
24558.339095500003
24087.279095500002
24350.9190955
23664.8790955
23986.159095500003
23925.319095500003
24147.139095500002
23294.0790955
23554.019095500003
23223.299095500002
23688.779095500002
23582.5590955
24034.839095500003
23938.4190955
24465.779095500002
23414.159095500003
20994.299095500002
21555.0590955
20938.519095500003
21129.139095500002
21354.7590955
20862.319095500003
21074.9390955
21324.5990955
21410.159095500003
21512.159095500003
21280.819095500003
21968.5590955
22190.519095500003
22516.139095500002
22507.0590955
22482.859095500004
22782.139095500002
22458.5790955
21480.1990955
21683.7190955
21088.2390955
22084.139095500002
22004.959095500002
22084.0790955
22167.7590955
22003.9390955
22300.8790955
22175.119095500002
21857.7590955
21769.3990955
21722.819095500003
21966.1990955
22196.3990955
21826.7590955
21960.8790955
22465.8790955
22745.659095500003
23224.619095500002
23372.499095500003
23699.359095500004
23475.7590955
23481.9190955
23626.7390955
23274.4190955
23352.299095500002
23635.679095500003
24135.5990955
24470.1990955
26282.3990955
26599.779095500002
26508.319095500003
26876.1990955
26692.819095500003
26772.019095500003
27922.2190955
27197.279095500002
27536.5990955
27748.7190955
28239.9190955
28137.0390955
27769.619095500002
28665.8990955
28930.459095500002
31802.0590955
31810.819095500003
30298.959095500002
31600.479095500003
31276.339095500003
31253.359095500004
32036.5790955
33210.4190955
33297.9390955
32801.4190955
32555.5990955
34069.579095500005
35978.719095500004
36216.1790955
36260.4190955
37994.1790955
38018.7790955
37463.8390955
37417.0990955
38964.3190955
38098.8790955
34922.1590955
34897.0190955
36084.1190955
37002.4790955
40038.7390955
38204.3190955
39073.219095500004
39528.3590955
37960.259095500005
38929.399095500004
39374.5990955
38982.0990955
37257.0190955
37727.579095500005
37114.7990955
36677.9990955
38226.1590955
38948.2390955
39172.4590955
39498.7790955
43378.2390955
46314.1990955
46920.8590955
48359.1190955
47600.439095500005
46110.2390955
48269.259095500005
47126.0190955
48050.3390955
50006.439095500005
53505.6990955
53112.439095500005
54692.6590955
55372.0190955
58332.4590955
58584.399095500004
59406.7790955
65010.1990955
66620.83909549999
64689.3390955
68712.61909549999
74340.0990955
79591.3590955
81959.7790955
81100.7190955
77099.45909549999
71709.1590955
68642.9190955
75405.53909549999
78936.2190955
74276.31909549999
72749.67909549999
72205.2990955
73883.97909549999
72659.53909549999
71697.2390955
62215.039095500004
66624.03909549999
64818.759095500005
65172.9590955
65105.7990955
65702.8790955
61457.6190955
67425.61909549999
69247.7990955
69255.47909549999
66892.1990955
67665.0790955
71678.5990955
75971.7790955
74623.45909549999
77176.4990955
79265.7990955
78475.47909549999
93347.8790955
93798.4390955
90375.61909549999
96646.03909549999
95562.0790955
94989.6590955
98060.0190955
96522.97909549999
98939.47909549999
104855.7390955
103835.5790955
112452.2790955
112621.67909549999
115594.9990955
108866.0790955
98380.1390955
101868.95909549999
94220.11909549999
93299.89909549999
92931.0190955
90847.11909549999
99856.1390955
97331.3590955
101574.67909549999
97517.0990955
98342.03909549999
98382.45909549999
102958.67909549999
105217.9390955
110382.31909549999
112613.7390955
116147.2790955
115125.83909549999
123136.7390955
118886.2190955
112128.7190955
114364.03909549999
118445.2790955
115951.0790955
116769.47909549999
116790.8790955
115441.61909549999
109029.1990955
109574.1990955
105635.7390955
103451.11909549999
110768.2190955
112347.1390955
112186.6990955
115874.61909549999
118079.53909549999
118089.7790955
118093.11909549999
118681.9190955
114772.25909549999
117032.3790955
118727.47909549999
116660.1990955
112513.81909549999
116716.45909549999
116824.4390955
120167.2790955
120549.0190955
120288.75909549999
127728.1590955
126557.5190955
127124.53909549999
123531.2390955
120793.45909549999
113122.2390955
112025.5590955
113635.0990955
108236.8790955
104082.6990955
102925.53909549999
100840.33909549999
98770.4390955
108732.5590955
110762.1990955
110387.47909549999
107787.5790955
116212.5190955
116334.2790955
113840.1990955
115045.9390955
107102.7190955
115565.7390955
113475.5990955
115379.81909549999
118476.89909549999
117180.7390955
112386.2790955
114119.2790955
98633.45909549999
100023.81909549999
100464.31909549999
94092.4390955
93502.5590955
87811.75909549999
86443.6590955
74547.81909549999
82187.9190955
75179.97909549999
75675.8790955
70128.3590955
78076.45909549999
77440.2790955
79151.3590955
77509.8590955
71998.5190955
69914.61909549999
71988.45909549999
75240.3590955
73944.5590955
75789.75909549999
78996.45909549999
74390.2990955
71680.03909549999
72251.61909549999
67649.0190955
67519.6590955
75295.9990955
74028.4190955
75245.6390955
71609.0790955
78752.9190955
81670.8790955
80996.39909549999
77269.0190955
76755.3590955
72078.9190955
71667.61909549999
71803.97909549999
63992.3790955
65514.4590955
67968.5990955
69898.03909549999
63900.439095500005
64941.0990955
69908.17909549999
69532.61909549999
72314.67909549999
70713.9990955
67693.03909549999
68332.9990955
69997.2390955
71237.8790955
68115.2190955
69041.2990955
68297.3590955
66374.0990955
68256.31909549999
67650.4190955
69074.5590955
66935.7790955
65992.3990955
66248.4990955
64096.4590955
63461.7790955
63660.5990955
64186.259095500005
62251.1590955
60199.759095500005
64855.399095500004
65215.0590955
67782.53909549999
69177.95909549999
71349.67909549999
75255.5590955
79431.17909549999
80624.33909549999
80631.1390955
85047.5790955
83937.39909549999
80620.1990955
79007.1590955
76895.2790955
80119.5590955
82383.2790955
86271.17909549999
89887.53909549999
88251.5590955
93286.1990955
91836.0190955
91842.1990955
89454.83909549999
96287.2390955
94843.6590955
94732.0990955
92584.3790955
89916.4190955
90174.9990955
94088.5790955
99274.7790955
98483.31909549999
99290.6390955
99666.2790955
96108.4390955
98563.45909549999
94544.8790955
98732.9990955
98414.5790955
98232.83909549999
94768.81909549999
94931.0190955
98344.7990955
99277.2990955
100689.9390955
100514.03909549999
104157.39909549999
105974.0790955
94237.61909549999
92776.03909549999
