1000.0
1000.0
1000.0
1000.0
1000.0
1000.0
1000.0
1000.0
1000.0
1000.0
1000.0
1000.0
1000.0
1000.0
1000.0
1000.0
1000.0
1000.0
1000.0
1000.0
1000.0
1000.0
1000.0
1000.0
1000.0
1000.0
1000.0
1000.0
1000.0
1000.0
1000.0
1000.0
1000.0
1000.0
1000.0
1000.0
1000.0
1000.0
1000.0
1000.0
1000.0
1000.0
1000.0
1000.0
1000.0
1000.0
1000.0
1000.0
1000.0
1000.0
1000.0
1000.0
1000.0
1000.0
1000.0
1000.0
1000.0
1000.0
1000.0
1000.0
1000.0
1000.0
1000.0
1000.0
1000.0
1000.0
1000.0
1000.0
1000.0
1000.0
1000.0
1000.0
1000.0
1000.0
1000.0
1000.0
1000.0
1000.0
1000.0
1000.0
1000.0
1000.0
1000.0
1000.0
1000.0
1000.0
1000.0
1000.0
1000.0
1000.0
1000.0
1000.0
1000.0
1000.0
1000.0
1000.0
1000.0
1000.0
1000.0
1000.0
1000.0
1000.0
1000.0
1000.0
1000.0
1000.0
1000.0
1000.0
1000.0
1000.0
1000.0
1000.0
1000.0
1000.0
1000.0
1000.0
1000.0
1000.0
1000.0
1000.0
1000.0
1000.0
1000.0
1000.0
1000.0
1000.0
1000.0
1000.0
1000.0
1000.0
1000.0
997.8022125000001
999.821125
1022.78475
1026.2547375
1024.151125
997.22675
1020.137375
1019.231125
1024.493375
1020.1141250000001
1016.3711250000001
1068.8872000000001
1083.885
1087.601125
1117.208125
1135.180538
1138.251125
1128.1948750000001
1154.291125
1157.021125
1080.284125
1103.284625
1101.771125
1104.78575
1104.0585
1105.381125
1116.5071130000001
1139.3892500000002
1139.381125
1160.8182630000001
1156.960411
1155.051125
1227.969554
1227.404313
1234.191125
1279.047375
1279.0273750000001
1279.0273750000001
1279.0273750000001
1279.0273750000001
1279.0273750000001
1276.717375
1265.117375
1265.117375
1265.117375
1269.567375
1255.2673750000001
1247.817375
1245.167375
1241.2673750000001
1241.2673750000001
1241.2673750000001
1242.817375
1243.217375
1237.417375
1267.967375
1267.957375
1267.957375
1283.3950125000001
1364.7895005
1434.3350554999997
1428.7050125
1354.4940124999998
1257.6247268
1243.6350125
1272.491325
1352.9342625
1356.7450125
1356.2805125
1353.6095624999998
1350.4450124999998
1402.6345834999997
1414.8741375
1395.6950124999998
1457.3053755
1448.7843265000001
1449.2350124999998
1506.1592624999998
1496.8548504999999
1499.7350124999998
1523.4498875
1542.3220505
1534.7950124999998
1495.7287255
1500.9650695
1486.0650124999997
1502.6324255
1521.3398874999998
1492.6750124999999
1533.6351005000001
1557.3913374999997
1552.3350125000002
1577.0162375
1573.6931255
1556.5450124999998
1595.1197005
1624.8148875000002
1603.7250125
1646.9994415
1650.6840505
1648.7050125
1732.8778254999997
1767.7813004999998
1763.2550124999998
1823.9971375
1849.0400835
1834.4550125
1851.5734415000002
1956.3242375
1966.8050125
2078.5912625
2136.6955755
2144.7050125
2144.6850125
2144.6850125
2144.6850125
2144.6850125
2144.6850125
2144.6850125
2144.6850125
2144.6750125
2144.6750125
2151.5250125000002
2151.5150125
2151.5150125
2155.9050125000003
2164.0050125
2163.9950124999996
2163.9950124999996
2163.9950124999996
2163.9950124999996
2163.9950124999996
2163.9950124999996
2163.9950124999996
2163.9950124999996
2163.9950124999996
2163.9950124999996
2163.9950124999996
2163.9950124999996
2163.9950124999996
2157.4350124999996
2157.4350124999996
2157.4350124999996
2157.2850124999995
2152.8850125
2166.3850125
2166.3750124999997
2167.2150125
2167.2150125
2167.2150125
2159.9650125
2154.0150125
2154.3150124999997
2162.6150124999995
2162.6050124999992
2162.6050124999992
2162.6050124999992
2162.6050124999992
2166.895012499999
2166.885012499999
2166.885012499999
2165.625012499999
2165.625012499999
2165.625012499999
2152.625012499999
2147.125012499999
2143.675012499999
2148.2750124999993
2148.265012499999
2148.255012499999
2148.255012499999
2144.505012499999
2143.655012499999
2151.405012499999
2151.505012499999
2151.4950124999987
2151.4950124999987
2023.6937124999986
2003.4394124999985
2412.6016624999984
2357.2451124999984
2357.6894124999985
2774.6747754999983
2900.0892694999984
2917.9894124999987
2844.3004414999987
2653.4773294999986
2656.7794124999987
2740.1044124999985
2874.1159954999985
2877.2794124999987
2838.4348294999986
2958.9110794999983
2955.3794124999986
2786.1133954999987
2886.5971294999986
2882.4794124999985
3310.5944294999986
3345.0419454999983
3302.6794124999983
3549.8537454999987
3449.8057294999985
3432.7594124999987
3724.9860794999986
3945.2823264999984
3960.9994124999985
4375.471412499998
4309.507741499998
4272.449412499998
4421.205129499998
4222.9194794999985
4197.189412499998
4250.437445499998
4136.201412499999
4078.7594124999987
4267.429412499998
4432.796129499998
4424.2494124999985
4452.992729499998
4446.787745499998
4431.529412499998
4700.464862499998
4687.4672624999985
4674.9994124999985
5004.219429499998
4672.866892499998
4678.049412499998
4436.577729499998
4581.199552499998
4477.4994124999985
4747.137912499998
4403.229595499998
4404.739412499998
4422.434412499998
4340.5694294999985
4291.069412499998
4053.7506794999986
3412.1094124999986
3308.9094124999983
3856.1054524999986
3838.5401954999984
3771.0094124999987
4035.8927454999985
4070.0410794999984
3986.9594124999985
3729.9819624999986
3868.8663124999985
3870.0994124999984
4035.0344124999983
4002.7867954999983
3973.4794124999985
4294.468462499998
4286.054079499998
4256.7494124999985
4453.202379499998
4479.363162499998
4486.549412499998
4317.654412499998
4431.331412499998
4411.059412499998
4468.671079499998
4694.760295499998
4698.139412499998
4874.759412499998
4911.965179499998
4914.649412499998
5656.285979499998
5831.918145499998
5918.469412499998
5803.685279499998
5696.192352499998
5687.139412499998
5820.112912499998
6071.9392524999985
6078.919412499998
6075.663962499998
5968.559279499998
5993.069412499998
5762.101945499998
5985.617829499998
5982.299412499998
5869.176362499998
6247.913432499998
6228.969412499998
6481.124579499998
6757.786095499998
6844.459412499998
7290.199472499998
7530.022729499998
7458.469412499998
7081.551079499998
7184.606645499998
7221.119412499998
7250.516472499998
6811.877262499998
6661.699412499998
5808.780995499998
6642.706945499998
6586.109412499998
7393.909332499998
7907.510112499998
7961.2494124999985
7909.619795499998
8100.133479499998
8142.199412499998
8152.279412499998
8360.514412499999
8329.199412499998
8343.457745499998
8799.8866795
8861.279412499998
9810.7744625
9810.7544625
9810.7544625
9810.7544625
9810.7544625
9810.7544625
9810.7544625
9810.7544625
9810.7544625
9810.7544625
9810.7544625
9780.2344625
9780.2344625
9780.2344625
9755.7344625
9711.9844625
9724.2344625
9782.6844625
9782.6144625
9782.6144625
9782.6144625
9782.6144625
9782.6144625
9782.6144625
9782.6144625
9782.6144625
9782.6144625
9782.6144625
9782.6144625
9782.6144625
9782.6144625
9782.6144625
9782.6144625
9782.6144625
9782.6144625
9782.6144625
9782.6144625
9782.6144625
9782.6144625
9782.6144625
9782.6144625
9782.6144625
9782.6144625
9782.6144625
9843.7944625
9843.7244625
9843.7244625
9843.7244625
9843.7244625
9843.7244625
9843.7244625
9843.7244625
9843.7244625
9862.9044625
9862.9044625
9862.9044625
9846.4544625
9852.054462500002
9994.1544625
9994.0844625
9994.0844625
9994.014462500001
9994.014462500001
9928.914462499999
9936.264462500001
9937.3144625
9911.414462499999
9840.014462500001
9840.014462500001
9840.014462500001
9857.164462499999
9841.764462500001
9794.514462500001
9730.1144625
9733.2277955
9808.024361500002
9831.6027955
9564.3677955
10097.1652955
10844.9311285
10981.9277955
11637.4494655
12352.2794655
12596.1177955
12621.2527955
12900.679465500001
12900.6594655
12881.2194655
12877.619465500002
12877.619465500002
12877.619465500002
12927.5694655
12857.8194655
12786.7194655
12695.8194655
12826.7694655
12826.6794655
12826.6794655
12826.6794655
12925.5894655
12925.4994655
12925.4994655
12921.809465499999
12921.809465499999
12921.809465499999
12908.7594655
12941.159465499999
12948.359465499998
12948.269465499998
12870.329465499997
12870.329465499997
12870.329465499997
12891.029465499998
12878.429465499998
12971.579465499997
13041.779465499998
13041.689465499998
13041.689465499998
13041.689465499998
13041.689465499998
13041.689465499998
13125.854465499997
13090.254465499997
12022.176132499997
12075.124465499995
12077.204465499997
12175.492798499996
12578.879465499997
12606.474465499996
12006.474465499998
11783.841132499998
11814.644465499998
12197.621132499997
11879.237798499998
11964.374465499997
12106.231132499997
13027.809465499999
13121.424465499997
13216.445516499996
13520.682798499996
13564.984465499996
13092.271391499997
13389.811891499998
13400.804465499998
14077.5627985
14032.019465499998
14155.414465499998
14121.326132499997
14756.656465499997
14837.6244655
14435.062798499997
14189.384465499998
14107.614465499997
14513.346132499997
14413.734465499998
14375.414465499996
14348.590465499998
14798.982798499997
14896.114465499999
14946.0711325
14772.900742499998
14774.204465499999
14362.972798499997
14478.156132499997
14466.454465499999
13624.872465499997
13640.431132499998
13619.604465499997
13808.122798499997
13667.542465499999
13615.864465499997
13245.672798499998
13376.009465499998
13375.034465499997
13643.361132499997
13521.660652499997
13546.834465499996
12693.794465499997
12751.797798499998
12758.334465499996
12524.462798499997
12543.386132499998
12526.114465499999
12617.431132499998
12558.549465499998
12573.824465499998
12690.001132499998
12800.001132499998
12791.994465499998
12657.677798499997
12762.926607499998
12790.784465499997
12839.076132499998
12782.927798499997
12778.284465499999
11939.632798499997
12042.472798499997
12046.074465499998
11482.464465499997
11813.777798499998
11804.174465499997
11676.151132499997
11631.136132499998
11597.714465499997
11867.324465499998
11837.242798499998
11851.154465499998
11434.897798499998
11243.930298499998
11272.784465499999
11311.971965499999
11285.519465499998
11141.584465499998
11139.820619499997
10936.226965499998
11250.804465499998
11402.278632499998
11482.993632499996
11659.164465499996
11641.613632499999
11651.661132499998
11603.7944655
11642.5261325
11801.8036325
11799.084465499998
11585.7961325
11441.927798499997
11445.744465499998
11270.121965499999
11266.764465499997
11274.604465499997
11537.755298499997
11860.075298499996
12278.584465499996
12325.566132499996
12402.009465499998
12308.914465499998
12425.2136325
12663.808632499999
12702.584465499998
13251.2494655
13187.368632499998
12922.614465499999
13165.056132499998
13189.146132499998
13203.114465499999
12887.605298499999
12533.873632499999
12556.504465499998
12346.703632499997
12199.973632499998
11963.484465499998
11913.683632499999
11929.917798499999
11643.434465499999
11341.176965499999
11341.0991325
11083.5644655
11255.736132499998
11235.474465499998
11127.1344655
11177.681388499997
11151.2336965
11113.354465499999
11237.3252985
11204.667798499999
11310.984465499998
11252.050619499998
11425.993632499998
11205.334465499998
11394.410179499999
11570.193696499999
11589.034465499999
11570.030619499998
11850.804465499998
11928.954465499999
11783.426965499999
11853.2706195
11890.104465499999
12119.259850499999
12122.673696499998
12090.004465499998
11961.3936965
11315.396132499998
11383.274465499999
11248.191965499998
11168.5102985
11123.0644655
11151.365298499999
11151.181965499998
11260.8844655
11402.506965499999
11422.059465499999
11425.7944655
11304.0052985
11200.0361325
11245.7944655
11321.9671325
11573.3952985
11659.4844655
11613.809465499999
11558.8686325
11502.9744655
11357.516132499999
11388.9611325
11546.9644655
11411.3586325
11454.0194655
11480.3044655
11493.326132499998
11401.0469655
11414.3744655
11500.5536325
11513.451132499998
11505.5844655
11550.532157499998
11548.0361325
11565.3744655
11187.120298499998
11199.015298499999
11185.484465499998
11237.883632499997
11391.056132499998
11537.6544655
11534.760619499999
11482.285234499997
11443.254465499997
11422.470298499999
11465.246132499999
11416.224465499998
11447.470465499999
11474.3144655
11455.774465499999
11451.917798499997
11444.041965499999
11435.3344655
11360.792798499999
11287.5773225
11237.894465499998
11343.365298499997
11392.558632499997
11395.264465499999
11396.717798499998
11441.809465499999
11442.604465499999
11543.6344655
11467.8561325
11375.574465499998
11329.6377985
11308.872798499999
11315.734465499998
11265.467798499998
11074.159465499997
10689.174465499998
10570.796965499998
10532.847798499999
10547.0444655
10275.346965499997
9648.9744655
9481.384465499998
9542.001965499998
9288.941965499998
9332.584465499998
8803.1161325
8899.141132499999
8763.154465499998
9041.458311499999
9253.787798499998
9233.9744655
9071.9819655
9122.751132499998
9146.804465499998
9007.697798499998
8886.953632499999
8773.5444655
8434.2077985
8493.5811325
8530.221132499999
8670.8211325
8475.281132499998
8437.461132499999
8436.426132499999
8179.649466499999
8107.741132499999
8165.377798499998
8407.711132499999
8735.9811325
9238.986132499998
9588.602798499998
9893.281132499998
9444.847798499999
9677.8577985
9613.2411325
9250.6611325
9273.6594665
9319.3211325
9110.711132499999
9447.472798499999
9163.621132499999
9205.9927985
9127.4444665
9334.6611325
9354.496132499999
9268.154466499998
9336.131132499999
9463.8044665
9707.3777985
9699.681132499998
9703.457798499998
9263.6427985
8930.961132499999
8931.1427985
8838.1344665
8706.1711325
8955.811132499999
8884.782798499999
8883.4911325
8898.9211325
9015.1777985
9042.091132499998
8726.336132499997
8712.071132499997
8804.431132499998
8766.431132499998
8816.3311325
8799.4011325
8796.4211325
8752.8211325
8540.9811325
8487.021132499998
8583.8211325
8533.441132499998
8594.4811325
8656.261132499998
8555.861132499998
8548.521132499998
8578.5011325
8452.811132499999
8435.7811325
8968.4111325
8975.0111325
9018.8311325
8908.781132499997
8917.481132499997
8881.631132499999
8853.251132499998
8869.031132499998
8891.7311325
8994.111132499998
9474.2311325
9505.6911325
9626.9911325
9540.181132499998
9617.381132499999
9929.621132499999
9186.201132499998
9343.081132499998
9307.121132499999
9306.9811325
9333.4811325
9302.561132499999
9296.201132499998
9235.931132499998
9067.131132499999
9351.721132499999
9360.371132499999
9391.761132499998
9370.031132499998
9519.2311325
9474.451132499998
9384.581132499998
9407.4111325
9377.931132499998
9400.7511325
9503.3311325
9662.2311325
9622.2711325
9629.961132499999
9690.641132499999
9751.111132499998
9622.9811325
9636.421132499998
9662.141132499999
9626.521132499998
9510.081132499998
9533.781132499998
9720.761132499998
9698.731132499997
9855.091132499998
9852.871132499997
9850.411132499998
9923.951132499997
11384.801132499999
11531.361132499998
11439.521132499998
11674.5811325
11724.0811325
12007.371132499999
12166.001132499998
11980.201132499998
12248.9411325
11694.111132499998
11769.771132499998
11753.311132499997
11920.441132499998
11678.4811325
11998.921132499998
12046.211132499999
12158.0911325
12159.551132499999
12224.031132499998
12169.131132499999
12353.651132499997
12637.741132499998
12478.951132499997
12001.781132499998
12196.221132499999
12170.941132499998
12213.141132499999
12131.861132499998
12150.141132499999
12263.9011325
12398.471132499997
12932.431132499998
13160.311132499997
13053.471132499997
12989.7411325
13132.2311325
13494.2311325
13914.611132499998
14316.8311325
16117.4111325
15578.051132499999
17267.011132499996
17606.1711325
18034.591132499998
17381.8011325
16334.321132499997
16139.981132499997
17993.3311325
17614.2911325
17507.8811325
16864.5911325
17373.301132499997
17619.2411325
17755.621132499997
19101.5611325
19152.841132499998
19052.481132499997
18938.681132499998
18157.641132499997
18720.341132499998
18722.321132499997
19090.7811325
17882.5611325
16964.321132499997
17184.801132499997
17219.181132499998
17609.301132499997
17475.4011325
16893.941132499996
17649.1711325
17451.621132499997
17962.5711325
18092.211132499997
19003.6511325
19335.391132499997
19574.431132499998
20271.411132499998
19768.8111325
20179.8511325
20679.1511325
22035.211132499997
22953.711132499997
23245.411132499998
23651.4511325
25149.251132499998
27480.091132499998
27486.551132499997
27486.5411325
27486.5411325
27486.5411325
27504.401132500003
27930.951132500002
27930.761132500003
27930.761132500003
27930.561132500003
27930.561132500003
28159.561132500003
28159.361132500002
28494.1611325
28493.9611325
28493.9611325
28493.7611325
28493.7611325
28589.7611325
28589.5611325
28589.5611325
28731.3611325
28731.161132499998
28731.161132499998
28731.161132499998
28731.161132499998
28731.161132499998
28731.161132499998
28513.961132499997
28599.961132499997
28599.961132499997
28599.961132499997
28572.961132499997
28709.961132499997
28709.761132499996
28709.761132499996
29408.561132499995
29408.361132499995
29408.361132499995
29408.361132499995
29408.361132499995
29408.361132499995
29408.361132499995
29408.361132499995
29408.171132499996
29408.171132499996
29541.171132499996
29540.981132499997
29540.981132499997
29540.981132499997
29540.981132499997
29540.981132499997
29540.981132499997
29540.981132499997
29691.8411325
29667.1411325
29666.951132500002
29700.011132500003
29700.011132500003
29700.011132500003
29700.011132500003
30253.861132500002
30253.671132500003
30253.671132500003
30253.671132500003
30253.481132500005
30253.481132500005
30206.9311325
30433.0311325
30432.8411325
30432.8411325
30330.051132500004
30330.051132500004
30330.051132500004
30054.551132500004
29846.501132500005
29702.101132500007
30168.551132500004
30168.361132500006
30168.361132500006
30168.361132500006
30168.361132500006
30266.161132500005
30294.161132500005
30293.961132500004
30317.761132500003
30317.761132500003
30317.761132500003
30721.761132500003
30721.561132500003
27332.191132500004
26968.0511325
25838.281132500004
26253.0611325
26346.361132500002
25841.581132500003
26594.581132500003
26640.121132500004
26817.451132500006
26379.871132500004
26137.8011325
26114.4311325
25280.581132500003
26307.421132500003
26241.361132500002
27435.121132500004
27416.401132500003
26464.891132500004
26579.731132500005
26518.4311325
26724.971132500006
26148.131132500002
25676.731132500005
25899.531132500004
25531.6411325
25549.311132500003
26362.371132500004
26336.751132500005
25758.561132500003
24086.951132500006
23973.911132500005
27678.641132500008
29457.6711325
30332.891132500008
29328.8911325
29978.011132500003
29171.811132500003
29121.8911325
29436.921132500003
29581.491132500003
29296.4311325
29932.1011325
29605.611132500002
29703.261132500003
29265.861132500006
27951.261132500007
28081.371132500004
28759.051132500004
27794.471132500003
28056.451132500006
27939.141132500004
27548.8411325
27024.951132500002
27099.981132500005
27163.671132500003
26179.851132500004
26014.281132500004
25897.311132500003
24503.0911325
23510.931132500005
23623.971132500003
22374.0811325
23042.631132500002
23142.771132500002
24223.3711325
23944.881132500002
24924.291132500002
24325.041132500002
23859.951132500002
23580.651132500003
23542.191132500004
23230.431132500005
23823.481132500005
24277.141132500004
24150.061132500003
24204.791132500006
23653.131132500006
23305.0011325
23249.641132500004
23210.191132500004
23398.311132500003
22845.921132500003
22987.421132500007
22292.611132500002
21490.351132500004
23506.861132500002
23106.5711325
23224.501132500005
23083.5911325
24197.221132500003
23620.2311325
23406.061132500003
23232.151132500003
23237.1911325
23385.781132500004
23557.201132500002
23810.0711325
23312.791132500006
23158.921132500003
23181.031132500004
22486.9811325
23633.041132500006
23697.661132500005
23708.701132500002
24931.711132500004
26150.401132500003
25760.7311325
25089.391132500004
26189.611132500002
25700.101132500004
26153.841132500005
25942.851132500004
28158.291132500006
28072.691132500004
27797.11113250001
28332.041132500002
28363.57113250001
27741.101132500007
27510.4311325
27803.391132500004
27619.431132500005
26806.931132500005
26927.111132500006
26624.681132500005
27407.861132500006
28329.941132500007
29799.671132500003
29486.821132500005
30154.491132500003
29648.691132500004
29781.651132500003
29591.061132500003
29117.3911325
29112.3411325
30480.6211325
30902.891132500004
31058.531132500008
31357.271132500005
32123.141132500004
31200.281132500008
32462.051132500004
32710.1511325
32374.531132500004
32752.831132500007
31359.751132500005
31460.251132500005
30759.031132500004
32189.1911325
30461.4011325
30467.821132500005
30736.9811325
30656.131132500002
31615.4111325
30638.491132500003
29574.6911325
28020.891132500004
28036.341132499998
27759.231132500005
27224.691132500004
28350.441132500004
28366.291132500002
27917.201132500002
27930.8711325
28856.3411325
29121.8411325
28350.061132500003
25772.311132500003
25449.991132500003
25310.551132500004
25464.1211325
16144.801132500004
18481.261132500003
17152.951132500006
17699.491132500003
16733.221132500006
17727.0011325
17884.861132500002
20239.771132500002
20333.491132500003
20223.721132500006
19122.031132500004
21160.651132500003
21959.641132500004
21749.551132500004
21945.421132500003
20761.441132500004
20437.021132500002
19310.401132500003
20870.041132500002
20939.011132500003
21653.021132500002
22121.7311325
21919.411132500005
22309.471132500003
22026.721132500003
23724.0011325
23311.051132500004
23822.331132500007
23608.301132500004
22346.951132500006
22402.031132500008
22473.341132500005
22300.211132500004
22343.081132500003
21598.631132500006
23064.041132500006
22831.891132500004
23505.3011325
23110.991132500003
22237.441132500004
22302.781132500004
23138.181132500005
24178.011132500007
24266.441132500004
24393.761132500007
24842.061132500006
25116.221132500003
25052.021132500002
28088.321132500005
27641.731132500005
28229.391132500004
28676.871132500004
28490.111132500006
28436.041132500006
28863.0711325
29295.111132500006
31790.171132500003
31248.131132500002
30364.901132500003
28046.111132500002
27634.481132500005
28226.32113250001
29700.521132500005
31153.661132500005
29693.501132500005
29939.831132500007
30790.9311325
30940.841132500005
31139.951132500006
30314.741132500007
28964.081132500003
29293.151132500003
29326.331132500003
27983.561132500003
28477.051132500004
28280.971132500006
29367.791132500006
30482.791132500002
30053.101132500004
30869.461132500008
30127.681132500005
32387.851132500004
30351.871132500004
30743.971132500006
31136.931132500005
30624.501132500005
30764.541132500006
31021.701132500006
31131.071132500005
31108.7411325
31459.6811325
29642.551132500004
30163.2011325
30203.791132500002
29773.5011325
30072.781132500004
30370.671132500003
30157.101132500004
29948.00113250001
29708.3511325
29880.191132500004
29662.241132500007
30883.6011325
30672.371132500004
29637.6411325
29521.491132500007
29262.291132500006
28811.631132500002
29205.3511325
29378.981132500005
29224.841132499998
29532.0711325
29086.871132500004
29040.181132500005
29216.851132500004
29105.191132500004
29884.641132500004
29606.601132500004
30158.121132500004
29552.031132500008
29700.1011325
29545.7811325
29730.0011325
29556.6811325
29608.541132500002
29428.611132500002
29241.071132500005
29310.641132500004
29372.201132500002
29492.051132500004
29339.681132500005
30026.051132500004
30460.271132500002
30687.401132500006
30501.91113250001
30970.571132500005
31664.561132500003
34975.2711325
34652.8911325
35156.0811325
35192.8611325
35879.7111325
37319.1411325
35081.3811325
35575.7811325
35430.8211325
37098.911132500005
37166.8911325
36664.871132500004
37150.871132500004
36900.2511325
37527.161132500005
36025.3611325
36567.4011325
37180.3611325
37171.2111325
37470.0111325
37590.1011325
38729.2311325
37756.661132500005
37050.0711325
37445.5311325
36416.471132499995
36898.3911325
36807.1311325
37139.8611325
35860.2711325
36250.1811325
35754.1011325
36452.3211325
36292.9911325
36971.411132500005
36826.7811325
37617.8211325
36040.3911325
32410.601132500004
33251.7411325
32326.931132500005
32612.861132500006
32951.2911325
32212.631132500006
32531.561132500003
32906.051132500004
33034.3911325
33187.3911325
32840.381132500006
33871.9911325
34204.9311325
34693.3611325
34679.7411325
34643.441132500004
35092.3611325
34607.0211325
33139.4511325
33444.7311325
32551.511132500003
34045.3611325
33926.591132500005
34045.2711325
34170.7911325
33925.0611325
34370.4711325
34181.8311325
33705.7911325
33573.2511325
33503.381132500006
33868.4511325
34213.7511325
33659.2911325
33860.4711325
34617.971132499995
35037.6411325
35756.0811325
35977.9011325
36468.191132500004
36132.7911325
36142.0311325
36359.2611325
35830.7811325
35947.6011325
36372.67113250001
37122.5511325
37624.4511325
40342.7511325
40818.8211325
40681.6311325
41233.4511325
40958.3811325
41077.1811325
42802.4811325
41715.0711325
42224.0511325
42542.2311325
43279.0311325
43124.7111325
42573.5811325
43918.0011325
44314.841132500005
48622.2411325
48635.3811325
46367.591132500005
48319.871132500004
47833.661132500005
47799.191132500004
48974.0211325
50734.7811325
50866.0611325
50121.2811325
49752.5511325
52023.521132500005
54887.231132500005
55243.42113250001
55309.7811325
57910.42113250001
57947.3211325
57114.9111325
57004.1911325
59335.6211325
58034.6611325
53269.571132499994
53231.85113250001
55012.5011325
56373.2911325
60975.881132500006
58224.2411325
59527.591132500005
60210.301132500004
57858.1511325
59311.86113250001
59979.6611325
59390.9111325
56803.2911325
57511.72113250001
56590.201132500006
55935.00113250001
58257.2411325
59329.51113250001
59685.34113250001
60174.811132500006
65994.00113250001
70397.94113250001
71307.9311325
73465.3211325
72327.30113250001
70092.00113250001
73330.53113250001
71615.6711325
73002.1511325
75936.30113250001
81185.19113250001
80595.30113250001
82965.6311325
83984.6711325
88425.33113250001
88803.24113250001
90036.8111325
98441.94113250001
100857.9011325
97960.6511325
103995.5711325
112436.79113250002
120313.6811325
123866.3111325
122577.72113250001
116575.8311325
108484.3711325
103902.6111325
114046.5311325
119339.7911325
112349.9411325
110059.98113249999
109237.4611325
111757.13113249998
109942.37113249999
108498.91113250001
94275.61113250001
100889.10113249999
98181.1811325
98716.63113250001
98615.8811325
99511.5011325
93154.3011325
102106.2911325
104839.5611325
104851.0811325
101306.16113250001
102465.48113250002
108488.10113250001
114878.3211325
112872.8911325
116702.4511325
119836.4011325
118683.2211325
140991.81113250004
141667.6511325
136533.42113250002
145915.2911325
144289.3511325
143430.7211325
148037.2111325
145708.60113249999
149319.8011325
158186.6411325
156669.45113250002
169594.4911325
169848.59113249998
174308.57113250002
164215.1911325
148486.2811325
153711.15113249997
142201.0911325
140820.7611325
140267.4411325
137132.8911325
150636.1211325
146836.50113249998
153202.18113249997
147099.9611325
148337.37113249997
148398.00113249998
155253.13113249996
158671.87113249997
166418.4311325
169765.5611325
175065.8711325
173533.7011325
185550.0511325
179193.1211325
169056.8611325
172409.84113249998
178531.7011325
174799.69113250004
176027.28113249998
176059.3811325
174035.4911325
164416.8611325
165238.6511325
159337.7611325
156060.82113250002
167036.4611325
169404.8411325
169138.33113250002
174648.21113250003
177962.69113249998
178013.0511325
178018.05113250003
178901.2511325
173036.76113250002
176426.94113250004
178969.5911325
175868.67113250002
169649.1011325
175953.0611325
176115.0211325
181129.2811325
181693.54113250002
181318.2511325
192477.3411325
190743.02113250003
191593.5411325
186203.5911325
182096.9211325
170590.0911325
168945.0711325
171359.3811325
163262.05113250003
157030.7811325
155295.03113249998
152167.2311325
149053.9311325
164007.91113249998
167052.3611325
166480.72113249998
162585.8711325
175223.2811325
175405.9211325
171664.8011325
173503.5111325
161588.67113250002
174283.20113250002
171147.99113250003
174004.32113250002
178649.9411325
176705.70113250002
169514.01113250002
172113.51113250002
148875.87113249997
150977.7111325
151638.4511325
142080.63113249998
141195.81113249998
132659.6111325
130607.46113250002
112763.7011325
124223.8511325
113711.9411325
114455.79113250002
106134.5111325
118056.6611325
117102.39113250001
119669.0111325
117206.7611325
108939.75113250002
105813.9011325
108924.6611325
113802.5111325
111858.8111325
114626.61113250001
119460.7011325
112551.4511325
108486.06113249999
109343.4311325
102444.27113250001
102250.22113250001
113914.7311325
112005.7511325
113831.58113250001
108376.74113250001
119077.0511325
123453.49113250001
122437.42113249999
116764.30113250001
115988.2111325
108973.5511325
108356.6011325
108563.09113249999
96845.6911325
99145.36113250001
102826.56113250002
105722.51113249999
96726.11113250001
98287.1011325
105731.3711325
105143.1811325
109323.9711325
106941.30113250001
102409.85113249999
103369.7911325
105866.1511325
107727.11113250001
103043.1211325
104432.2411325
103316.3311325
100431.44113250001
103254.7711325
102345.92113249999
104482.1311325
101295.4011325
99880.32113250002
100264.47113250001
97036.41113250001
96084.39113250001
96382.6211325
97171.11113250001
94276.6011325
91178.6011325
98159.36113250001
98699.00113250001
102550.2211325
104643.3511325
107901.5311325
113760.50113250001
120020.1811325
121842.6211325
121852.8111325
128477.47113250001
126812.20113249999
121836.4011325
119416.8411325
116249.0211325
121085.4411325
124443.1611325
130275.01113249999
135699.5511325
133221.5311325
140757.99113250003
138602.97113250004
138612.23113250002
135031.1911325
145279.79113250002
143114.42113250002
142947.08113250002
139725.50113250004
135723.5611325
136111.43113250003
141981.80113250003
149761.1011325
148573.9111325
149784.89113250002
150348.3511325
145011.5911325
148694.1211325
142666.25113250004
148948.43113250003
148470.80113250003
148198.1911325
143002.1611325
143245.46113250003
148366.1311325
149764.8811325
151883.8411325
151619.9911325
157085.0311325
159810.05113250003
142205.36113250002
140012.9911325
140883.92113250002
